1403638127.2450971603 0.0000000000 0.0000000000 0.0000000000 0.0000000000 0.0000000000 0.0000000000 1.0000000000
1403638129.2450971603 -0.0065666176 -0.1189149842 -0.0269988626 0.0091677221 -0.0005150270 0.0040745933 0.9999495414
1403638129.3450970650 0.0371569842 -0.3518989682 -0.1162836850 0.0363645150 -0.0074524238 0.0409970594 0.9984694910
1403638129.3950972557 0.0577780865 -0.4653888047 -0.1672214717 0.0460188626 -0.0110675260 0.0586048962 0.9971585833
1403638129.5450971127 0.0525066257 -0.5779277086 -0.2372831255 0.0248152387 -0.0124509364 0.0451482232 0.9985944202
1403638129.6950972080 0.0156634077 -0.7358779311 -0.3070052564 0.0145029006 -0.0071145817 0.0089438990 0.9998295131
1403638129.7950971127 0.0077931355 -0.9602870941 -0.4106525779 0.0209178981 -0.0094482043 0.0132855305 0.9996482720
1403638129.8950972557 -0.0176764410 -1.2277836800 -0.5757239461 0.0158114776 -0.0135857042 0.0088381283 0.9997436238
1403638129.9950971603 -0.0643499717 -1.7063797712 -0.7904201150 0.0183194132 -0.0150395262 0.0054705950 0.9997040984
1403638130.2950971127 -0.1955071688 -3.4165163040 -1.4384208918 0.0370598613 -0.0276238407 0.0136081207 0.9988384800
1403638130.7450971603 -0.3036118746 -6.4310026169 -2.9125511646 0.0550173323 -0.0417463746 0.0338024059 0.9970394830
1403638130.9950971603 -0.1926753521 -7.2418375015 -3.4755406380 0.0777275156 -0.0455112779 0.0527121345 0.9945393847
1403638131.2950971127 -0.1872977614 -6.5106554031 -3.0127596855 0.0571198147 -0.0373320717 0.0238124009 0.9973848870
1403638131.6450970173 -0.0058995234 -4.4113054276 -2.1912307739 0.0443802685 -0.0305104100 0.0116759284 0.9984804351
1403638131.9950971603 0.1298717856 -2.0431516171 -1.0844004154 0.0363853168 -0.0182644355 -0.0145179328 0.9990654377
1403638132.1450970173 0.1457011849 -1.8328132629 -1.0335991383 0.0222869968 -0.0213532800 -0.0380711617 0.9987982348
1403638132.2950971127 0.1179893911 -2.6803228855 -1.3723938465 0.0386647656 -0.0291286128 -0.0250105737 0.9985144120
