1403637130.5383191109 0.0000000000 0.0000000000 0.0000000000 0.0000000000 0.0000000000 0.0000000000 1.0000000000
1403637133.3883190155 0.0108443964 -0.0471050180 -0.0301510133 -0.0007201590 0.0085190895 -0.0049562038 0.9999511701
1403637133.6883189678 0.0385294706 -0.1263672113 -0.0641858205 -0.0213772023 0.0203241128 -0.0002485580 0.9995648473
1403637133.7883191109 0.0513013490 -0.2027679533 -0.0965641662 -0.0205988860 0.0256495744 -0.0001286322 0.9994587379
1403637133.8383193016 0.0591036715 -0.2637885213 -0.1141041964 -0.0214373637 0.0306369287 0.0002004862 0.9993006444
1403637133.9383192062 0.0612987280 -0.4475035965 -0.1646226346 -0.0265883995 0.0392789625 0.0028543800 0.9988703983
1403637134.0383191109 0.0498312004 -0.6873958707 -0.2297823131 -0.0277792861 0.0467262676 -0.0001328312 0.9985213816
1403637134.1383192539 0.0393105373 -0.9342000484 -0.2995675504 -0.0249558006 0.0562922308 -0.0067559090 0.9980795311
1403637134.2383191586 0.0231357403 -1.1728675365 -0.3589629829 -0.0157626663 0.0682311691 -0.0152055875 0.9974291133
1403637134.3383193016 0.0093929917 -1.3847734928 -0.4106863141 -0.0003068925 0.0706735580 -0.0168128700 0.9973577500
1403637134.4883191586 0.0048046289 -1.5437327623 -0.4414563179 0.0192268306 0.0734584765 -0.0090366414 0.9970719735
1403637134.6883189678 0.0532774813 -1.3207098246 -0.3516505659 0.0025012900 0.0774440542 -0.0081474747 0.9969602704
1403637134.7883191109 0.0872286484 -1.0480184555 -0.2636391521 -0.0204057583 0.0729394599 -0.0088710478 0.9970881329
1403637134.8883190155 0.1047058105 -0.7564657927 -0.1931788474 -0.0478594546 0.0675891545 -0.0035325822 0.9965584276
1403637134.9383192062 0.1105483547 -0.6290941238 -0.1637475193 -0.0590361670 0.0665494642 0.0007837815 0.9960347813
