1403636858.6516664028 0.0000000000 0.0000000000 0.0000000000 0.0000000000 0.0000000000 0.0000000000 1.0000000000
1403636858.8516664505 0.0414256528 -0.0415204093 -0.0232021064 -0.0051196222 0.0079461409 -0.0004063018 0.9999552406
1403636858.9016666412 0.0602224246 -0.0671078414 -0.0321428291 -0.0058996790 0.0107261008 -0.0000923133 0.9999250652
1403636859.0016665459 0.1025776342 -0.1332597733 -0.0531526096 -0.0068300327 0.0160052170 0.0002812843 0.9998485408
1403636859.1016666889 0.1485665143 -0.2047505975 -0.0785931721 -0.0100860381 0.0206420861 -0.0006585786 0.9997358363
1403636859.2016665936 0.1915508062 -0.2663450241 -0.1041012257 -0.0157075360 0.0238640140 -0.0006841235 0.9995915737
1403636859.3016667366 0.2250153273 -0.3424835801 -0.1321658939 -0.0169582163 0.0302981598 -0.0005555896 0.9993968840
1403636859.4016666412 0.2490827888 -0.4527549148 -0.1680946946 -0.0125498448 0.0371559072 -0.0038903484 0.9992231008
1403636859.5016665459 0.2635551095 -0.6038584113 -0.2099277228 -0.0153908603 0.0417195880 -0.0048825274 0.9989988780
1403636859.6016666889 0.2761607468 -0.7843019366 -0.2452941686 -0.0185558700 0.0494899047 -0.0087402177 0.9985639877
1403636859.7016665936 0.2822235823 -0.9776004553 -0.2788921893 -0.0109179686 0.0578517573 -0.0125465695 0.9981866337
1403636859.8016667366 0.2787521482 -1.1681908369 -0.3167722821 0.0003818473 0.0655244603 -0.0189635415 0.9976706788
1403636860.0016665459 0.2726323307 -1.4685262442 -0.4063177109 0.0099697122 0.0744654260 -0.0252443822 0.9968541650
1403636860.2516665459 0.3225198984 -1.3324553967 -0.3731344342 -0.0072024207 0.0764960234 -0.0161723066 0.9969127043
1403636860.3516664505 0.3411668241 -1.1088067293 -0.3123642206 -0.0262987186 0.0754682155 -0.0099351909 0.9967518336
1403636860.4516665936 0.3671567440 -0.8650822639 -0.2594868541 -0.0501547387 0.0755397725 -0.0026708669 0.9958770564
1403636860.5516664982 0.3770265281 -0.6526454687 -0.2201081961 -0.0726724006 0.0727044288 0.0050608588 0.9946894872
