1403636579.7635557652 0.0000000000 0.0000000000 0.0000000000 0.0000000000 0.0000000000 0.0000000000 1.0000000000
1403636579.9135556221 0.0002601764 0.0430335142 0.0168905891 -0.0068656420 0.0057527552 -0.0027396214 0.9999561307
1403636580.0135555267 -0.0006833916 0.0808536112 0.0285088662 -0.0189112546 0.0055727862 -0.0010207884 0.9998051143
1403636580.0635557175 -0.0012430395 0.1009358689 0.0344486944 -0.0229948935 0.0057771729 -0.0000819970 0.9997188867
1403636580.2135555744 -0.0025388214 0.1575925499 0.0499259271 -0.0307732128 0.0044049884 0.0033289112 0.9995111424
1403636580.2635557652 -0.0030417792 0.1736108512 0.0542068742 -0.0339427373 0.0042160140 0.0027644356 0.9994110634
1403636580.3635556698 -0.0043002605 0.2031151801 0.0592762381 -0.0440504931 0.0033002286 -0.0003293153 0.9990238006
1403636580.4635555744 -0.0053193462 0.2251900584 0.0622710474 -0.0608678927 0.0025438089 -0.0015254632 0.9981414237
1403636580.5635557175 -0.0067476761 0.2291795015 0.0614379644 -0.0761778887 0.0013681042 -0.0005788678 0.9970931363
1403636580.6635556221 -0.0080255233 0.2065587640 0.0550474897 -0.0770945476 -0.0001534053 -0.0003350469 0.9970237183
1403636580.7635557652 -0.0092981067 0.1634536982 0.0457503647 -0.0666559744 0.0037551875 -0.0059100730 0.9977514473
1403636580.8635556698 -0.0099961031 0.1071191505 0.0335176289 -0.0515250218 0.0124733452 -0.0126841478 0.9985132449
1403636580.9635555744 -0.0112740239 0.0481157377 0.0207812618 -0.0347353290 0.0198254121 -0.0185959781 0.9990268262
1403636581.0635557175 -0.0132474210 -0.0051001003 0.0079689668 -0.0198714691 0.0191379169 -0.0190755918 0.9994373350
1403636581.1635556221 -0.0143527491 -0.0517581590 -0.0039898115 -0.0042720088 0.0202434028 -0.0152307913 0.9996699343
