1403638518.0778293610 0.0000000000 0.0000000000 0.0000000000 0.0000000000 0.0000000000 0.0000000000 1.0000000000
1403638522.1778295040 -0.0221831910 -0.0725982487 -0.0246602893 -0.0044415171 -0.0070609337 -0.0015458558 0.9999640126
1403638522.2278296947 -0.0265522804 -0.1302991658 -0.0462888181 -0.0009027141 -0.0093608349 -0.0006927567 0.9999555390
1403638522.3278295994 -0.0329431109 -0.3055938780 -0.1062031090 0.0102756633 -0.0157559059 0.0013607530 0.9998221394
1403638522.4278295040 -0.0314749032 -0.5388257504 -0.1884835809 0.0140854019 -0.0231130544 0.0033956555 0.9996278596
1403638522.5278296471 -0.0315137133 -0.7990592718 -0.2895163894 0.0100534258 -0.0313497454 0.0088706597 0.9994185477
1403638522.6778295040 -0.0340675563 -1.2095273733 -0.4095501304 0.0111996557 -0.0417015698 0.0124502799 0.9989897584
1403638522.7778294086 -0.0426701047 -1.4940611124 -0.4973175228 0.0218594238 -0.0486974991 0.0085797937 0.9985374837
1403638522.9278295040 -0.0385311097 -1.9543910027 -0.6439080834 0.0350028086 -0.0618755593 0.0233986253 0.9971954286
1403638523.2778294086 0.0971983895 -2.3373296261 -0.8168630600 0.0497177635 -0.0549152945 0.0225025768 0.9969985398
1403638523.5778293610 0.1768546999 -1.5993739367 -0.4979333878 0.0295703568 -0.0452946316 0.0090222523 0.9984951624
1403638523.6778295040 0.2211331874 -1.3020365238 -0.4262470901 0.0129629503 -0.0415220873 0.0025261238 0.9990502975
1403638523.9778294563 0.3186435103 -0.5526277423 -0.2279289663 0.0025440064 -0.0349966398 -0.0163002733 0.9992512519
1403638524.0778293610 0.3250675797 -0.4569760859 -0.2276041955 -0.0031408771 -0.0337162951 -0.0271599283 0.9990573981
1403638524.2278296947 0.3278936148 -0.6315922737 -0.3202719688 -0.0139730313 -0.0396426658 -0.0303305734 0.9986557314
