1403715886.5840582848 0.0000000000 0.0000000000 0.0000000000 0.0000000000 0.0000000000 0.0000000000 1.0000000000
1403715893.5340580940 -0.0010379188 -0.0112625957 -0.0057278718 0.0218553549 -0.0043748601 0.0063330323 0.9997315123
1403715893.6840581894 -0.0072682332 -0.0285129212 -0.0137572195 0.0396879013 -0.0088454447 0.0139196964 0.9990760084
1403715894.0340580940 -0.0314901024 -0.0654052943 -0.0547640510 0.0108159231 -0.0084157957 0.0143709811 0.9998028131
1403715894.2840580940 -0.0594665483 -0.1056701541 -0.0866570771 0.0140159956 0.0026801780 -0.0075329040 0.9998698035
1403715894.4340581894 -0.0847132951 -0.1458958536 -0.1043750271 0.0203248617 0.0089736787 -0.0190602209 0.9995714487
1403715894.6340579987 -0.1450088173 -0.1914629787 -0.1280298829 0.0065858205 0.0084349365 -0.0114842481 0.9998767878
1403715894.7840580940 -0.2104116082 -0.2249462903 -0.1444124281 0.0056120212 0.0046472233 0.0009143090 0.9999730359
1403715894.8840582371 -0.2478809506 -0.2443034053 -0.1466481239 0.0127164675 0.0019475286 0.0063111222 0.9998973289
1403715894.9840581417 -0.2976460159 -0.2739951611 -0.1550410986 0.0190838926 0.0010112487 0.0085970004 0.9997804129
1403715895.0840582848 -0.3463390470 -0.3002496064 -0.1625257134 0.0221113659 0.0010959025 0.0090838680 0.9997136439
1403715895.2340581417 -0.4132537246 -0.3406648934 -0.1725785285 0.0211334030 0.0000403772 0.0143426659 0.9996737796
1403715895.3340580463 -0.4641917944 -0.3687630594 -0.1821792871 0.0220969077 -0.0007632323 0.0153275322 0.9996380399
1403715895.4840581417 -0.5336096883 -0.4042366445 -0.1924324036 0.0221487603 -0.0009730938 0.0159002386 0.9996277647
1403715895.6340579987 -0.6076398492 -0.4418009222 -0.2034693807 0.0211744205 0.0000461243 0.0163610694 0.9996419145
1403715895.7840580940 -0.6745547652 -0.4709033370 -0.2145977616 0.0209590556 -0.0002764633 0.0176005418 0.9996253611
