1403715273.2621431351 0.0000000000 0.0000000000 0.0000000000 0.0000000000 0.0000000000 0.0000000000 1.0000000000
1403715278.6121432781 -0.0007258036 -0.0064952429 0.0030621425 0.0171924349 0.0041518306 0.0055977132 0.9998279092
1403715278.8121430874 -0.0032745306 -0.0227314401 0.0067018857 0.0292299839 0.0035558942 0.0101359772 0.9995149952
1403715278.9621429443 -0.0049181040 -0.0409649462 0.0075222128 0.0350004637 0.0028511710 0.0114151341 0.9993180340
1403715280.0621430874 -0.0078163594 -0.0677162111 0.0209394135 0.0093367988 0.0022020744 0.0089311197 0.9999141014
1403715280.3621430397 -0.0062838397 -0.0830596834 0.0223916266 0.0032613153 0.0101496301 -0.0125685061 0.9998641815
1403715280.5621430874 -0.0090036187 -0.0954505354 0.0281806085 0.0122010052 0.0208511829 0.0006334938 0.9997079385
1403715280.7121431828 -0.0124139618 -0.1074641645 0.0340625681 0.0165678809 0.0452376111 0.0196540760 0.9986454732
1403715280.8121430874 -0.0146549437 -0.1138318628 0.0395315140 0.0167628388 0.0673080323 0.0309247550 0.9971119774
1403715280.9121432304 -0.0162679795 -0.1204606593 0.0446148850 0.0172918400 0.0896716681 0.0408137170 0.9949845349
1403715281.0621430874 -0.0182889737 -0.1284029186 0.0527985357 0.0177471853 0.1139192437 0.0504377724 0.9920501371
1403715281.2621431351 -0.0222642664 -0.1396171898 0.0638418198 0.0170779323 0.1347487711 0.0581936135 0.9890220504
1403715281.4621429443 -0.0251957737 -0.1471664906 0.0759207532 0.0129865639 0.1626921790 0.0684505831 0.9842139614
1403715281.5621430874 -0.0256398488 -0.1491392553 0.0823445618 0.0122208846 0.1827564539 0.0747899508 0.9802332334
1403715281.6621429920 -0.0262642540 -0.1522156298 0.0893318951 0.0109328472 0.2071055788 0.0836380420 0.9746755512
