1403715523.9121432304 0.0000000000 0.0000000000 0.0000000000 0.0000000000 0.0000000000 0.0000000000 1.0000000000
1403715528.5621430874 -0.0133432215 -0.0526241697 -0.0003885999 -0.0162650115 0.0001513810 0.0047190825 0.9998565681
1403715528.6121432781 -0.0227373969 -0.0858981684 -0.0003166882 -0.0146890884 0.0004972159 0.0061377705 0.9998731476
1403715528.7121431828 -0.0468443073 -0.1731364429 -0.0008776937 -0.0097307267 0.0014147012 0.0092717097 0.9999086693
1403715528.8121430874 -0.0768519044 -0.2780865729 -0.0004885549 -0.0059420318 0.0029619437 0.0104127450 0.9999237440
1403715528.9121432304 -0.1120366454 -0.3993402421 -0.0096279904 -0.0021770954 0.0040051559 0.0105908411 0.9999335243
1403715529.0121431351 -0.1535869539 -0.5165520906 -0.0190143753 -0.0022432102 0.0039696533 0.0080890751 0.9999568874
1403715529.1121432781 -0.2085176408 -0.6472828984 -0.0322598815 -0.0043288682 -0.0038246001 0.0095558165 0.9999376579
1403715529.2121431828 -0.2759992778 -0.8173330426 -0.0650904626 -0.0056767966 -0.0181515063 0.0058374648 0.9998020908
1403715529.3121430874 -0.3514570594 -1.0072104931 -0.1126160324 -0.0107874806 -0.0354703063 -0.0009140232 0.9993120895
1403715529.4121432304 -0.4284684360 -1.1701527834 -0.1323893368 -0.0130518265 -0.0545256813 -0.0112178891 0.9983640413
1403715529.5121431351 -0.5136574507 -1.3081088066 -0.1288251579 -0.0106032198 -0.0701665626 -0.0191439452 0.9972952093
1403715529.6621429920 -0.6495752931 -1.4596233368 -0.0670646876 -0.0060649060 -0.0862359987 -0.0261180417 0.9959138604
1403715529.8121430874 -0.8102650046 -1.6096929312 0.0122678578 -0.0021462736 -0.0962686315 -0.0325327238 0.9948212734
1403715529.9621429443 -0.9967226386 -1.7972354889 0.0939924195 0.0040438893 -0.1032043710 -0.0317690516 0.9941444725
1403715530.1121432781 -1.2099136114 -2.0187823772 0.1571168303 0.0205557949 -0.1030090999 -0.0393737218 0.9936882281
