1413393212.2557604313 0.0000000000 0.0000000000 0.0000000000 0.0000000000 0.0000000000 0.0000000000 1.0000000000
1413393217.2557604313 -0.0026078757 -0.0236286186 -0.0149332676 -0.0110139188 0.0184674749 -0.0137667227 0.9996740085
1413393217.8057606220 -0.0282874219 -0.0387531295 -0.0459535383 -0.0150223045 0.0197815850 -0.0160186460 0.9995631157
1413393218.0557603836 -0.0490940101 -0.0528568812 -0.0662000477 -0.0144430105 0.0179363551 -0.0096083166 0.9996886350
1413393218.2057607174 -0.0646262020 -0.0592968687 -0.0808651149 -0.0148776839 0.0121997060 0.0071834971 0.9997890873
1413393218.7557604313 -0.1057412848 -0.0401678756 -0.1221164763 -0.0145632197 0.0201465181 -0.0099702195 0.9996412482
1413393218.9057605267 -0.1198595017 -0.0360307395 -0.1375010163 -0.0372725577 0.0172641837 0.0003179945 0.9991559454
1413393219.0557603836 -0.1300752759 -0.0331114158 -0.1490823925 -0.0513592350 0.0147641020 0.0074500781 0.9985433123
1413393219.3057606220 -0.1467653513 -0.0364610218 -0.1627999395 -0.0454181501 0.0122954441 0.0072862682 0.9988658188
1413393219.6557605267 -0.1620725691 -0.0419289358 -0.1663064063 -0.0353389949 0.0091832989 0.0073544066 0.9993061269
1413393219.9057605267 -0.1668879688 -0.0572403669 -0.1658523083 -0.0214754156 0.0110172008 -0.0009215237 0.9997082467
1413393220.1057605743 -0.1725301892 -0.0750566646 -0.1688742787 -0.0162162820 0.0121151126 -0.0050787251 0.9997822077
1413393220.6557605267 -0.1867164075 -0.1055660173 -0.1749780923 -0.0185608199 0.0144839410 -0.0061286583 0.9997040317
1413393221.3557605743 -0.1965743899 -0.1372647583 -0.1888419390 -0.0361863488 0.0169673148 0.0055501946 0.9991855952
1413393221.7557604313 -0.1938351095 -0.1626658142 -0.1872458607 -0.0313829061 0.0205910902 -0.0079332199 0.9992638211
