1413394881.5557603836 0.0000000000 0.0000000000 0.0000000000 0.0000000000 0.0000000000 0.0000000000 1.0000000000
1413394887.4557604790 0.0017592059 -0.0185816959 -0.0098554324 -0.0219838520 0.0140104691 -0.0131999711 0.9995729977
1413394887.7557604313 -0.0028624334 -0.0600160211 -0.0249830466 -0.0462628057 0.0186098273 -0.0140648130 0.9986569021
1413394888.0557603836 -0.0135500440 -0.0868333727 -0.0246812832 -0.0573461403 0.0189043026 -0.0138740513 0.9980789339
1413394888.2057607174 -0.0218054187 -0.1008594632 -0.0170242619 -0.0418058111 0.0178847318 -0.0154530507 0.9988461412
1413394888.3557605743 -0.0309012476 -0.1149111539 -0.0077180625 -0.0393385397 0.0162381649 -0.0172056622 0.9989458276
1413394888.5557603836 -0.0454220250 -0.1351648122 0.0071665649 -0.0475300336 0.0135775813 -0.0139614489 0.9986799403
1413394888.7557604313 -0.0626733452 -0.1452233791 0.0292781908 -0.0407768900 0.0095630852 -0.0048183389 0.9991108929
1413394888.9057605267 -0.0744658783 -0.1498110443 0.0483035520 -0.0253088331 0.0052911143 0.0054624299 0.9996507535
1413394889.0557603836 -0.0852001160 -0.1568676531 0.0669613108 -0.0176863168 0.0026094037 0.0122596829 0.9997650151
1413394889.2557604313 -0.0939870253 -0.1708492339 0.0888903588 0.0006618995 0.0038912999 0.0051374675 0.9999790128
1413394889.3557605743 -0.0969721824 -0.1744990945 0.0960352346 0.0450027352 0.0061992652 0.0007385640 0.9989673555
1413394889.4557604790 -0.0998591185 -0.1713111699 0.1003721282 0.0995374166 0.0075204290 -0.0020271142 0.9950033350
1413394889.6557605267 -0.1083008349 -0.1936442703 0.0894370899 0.0486536546 0.0107643780 -0.0074752436 0.9987297286
1413394889.7057607174 -0.1082658842 -0.1940076053 0.0818730071 0.0161422312 0.0104360163 -0.0077178270 0.9997854535
1413394889.8057606220 -0.1120448485 -0.1934564412 0.0689967200 -0.0497634772 0.0117740068 -0.0080560917 0.9986591353
