1413393886.0057606697 0.0000000000 0.0000000000 0.0000000000 0.0000000000 0.0000000000 0.0000000000 1.0000000000
1413393889.6557605267 0.0209371671 -0.0174896512 -0.0310717039 -0.0252810547 0.0037188954 -0.0003649877 0.9996733991
1413393889.8557605743 0.0596983284 -0.2046216875 -0.0798739195 -0.0411916900 0.0128213536 -0.0189319288 0.9988896033
1413393889.9557604790 0.0485132746 -0.4280377626 -0.0983447731 -0.0369483768 0.0181332459 -0.0317201595 0.9986490046
1413393890.0557603836 0.0185212065 -0.6909759045 -0.1163108572 -0.0255764937 0.0208214283 -0.0382832670 0.9987225353
1413393890.1557605267 -0.0327285752 -1.0108660460 -0.1348468065 -0.0182260054 0.0178168423 -0.0285114043 0.9992684688
1413393890.3057606220 -0.1813460290 -1.3410774469 -0.0859515816 -0.0106387920 0.0143951849 -0.0147366465 0.9997311769
1413393890.4557604790 -0.3579838276 -1.4732499123 0.0343895108 -0.0060450481 0.0123892617 -0.0053156079 0.9998908480
1413393890.5557603836 -0.4750077724 -1.4906321764 0.1288105547 0.0135079056 0.0105111667 0.0005955319 0.9998533378
1413393890.8557605743 -0.8016741276 -1.5677189827 0.2371180952 0.0004652548 0.0133249888 -0.0058881176 0.9998937735
1413393891.1557605267 -1.1594983339 -1.7463102341 0.2096546441 -0.0081336762 0.0124835779 -0.0085310733 0.9998526013
1413393891.3557605743 -1.4335337877 -1.8429046869 0.2154309303 0.0248489517 0.0110789269 -0.0067062263 0.9996073297
1413393891.4557604790 -1.5643047094 -1.7967469692 0.1935182214 0.0853949909 0.0077467454 -0.0029658057 0.9963126454
1413393891.5057606697 -1.6177401543 -1.7742189169 0.1683345437 0.1088808773 0.0061996455 -0.0011484383 0.9940348083
1413393891.9057605267 -2.1492366791 -1.3599331379 -1.1532062292 0.1026233675 0.0080503971 -0.0054989072 0.9946725077
